Audi A6 2006 9 8 2020 19900 18
Mercedes-Benz G-classe 2019 3 10 2020 234000 20
BMW 750i 2019 26 12 2020 42000 19
Lamborghini Gollardo 2012 4 5 2018 123000 21
Geely Atlas 2018 7 8 2019 32000 24
Audi RS6 2020 2 3 2020 230999 25
Toyota Prius 2019 9 12 2020 18999 27
Mercedes S-classe 2020 24 10 2020 140899 28
Mercedes C-classe 2019 8 9 2020 35600 29
Audi S8+ 2017 8 9 2019 76300 30
Peugeot F-605 2005 2 3 2007 17900 31
SangYong Yoga 2003 2 3 2005 1300 32
Buhanka Policeiskaya 1999 2 3 1999 999100 33
Maserati Laksheri 2018 2 3 2019 34500 34
Bugatti Divo 2020 2 2 2020 130000 35
