Марк Цукерберг Иванович г.Воркута_ул.Береговая_д.19 1
4 Mercedes W222 2018 10 11 2020  17 5 2020 57300 48900
Якцыдрак Биамент Робертович Нурсултан 2
6 Opel Vectra_C 2009 4 5 2010  20 6 2020 23400 12300
7 Porchse Macan 2001 1 2 2020  20 9 2020 23000 18700
Макатерчия Юлия Егоровна Мосвка 1
8 Volkswagen Arteon 2010 2 3 2010  21 12 2020 12300 6700
Бужаков Егор Степанович г.Магадан_ул.Новогородская_д.5 1
9 УАЗ Patriot 2009 2 3 2010  12 12 2020 23000 23499
Булгаков Николай Афонасьевич Микартусина_д.8 1
10 Volkswagen Passat 2009 3 4 1941  7 8 2020 38900 23000
Иванов Иван Иванович Магадан-ул.Белокаменная 2
11 Skoda Octavia 2009 7 8 2020  11 11 2020 15600 10900
12 Toyota Camry 2012 3 4 2018  1 2 2020 27900 23400
Степанов Никифор Григорьевич Москва-ул.Пушкинская-д.15 3
13 BMW 520i 2008 9 9 2010  1 1 2020 27000 17600
14 Formula Bolit 2009 2 3 2020  4 3 2020 140000 123000
15 УАЗ Патриот4x4 2004 8 9 2007  4 4 2020 25600 12800
Ямолов Петр Степанович г.Донецк_д.Улица 2
16 Mercedes E-classe 2019 19 9 2020  10 10 2020 89000 78900
17 Tesla CyberTruck 2019 2 3 2020  7 7 2020 89200 67000
